4608463080
4656684238
4675845861
2333288869
359800617
3996889070
259611216
732468337
70645290
1936215201
328916930
5656207480
2034865941
1022454428
2271468944
5519356022
4910375558
503857941
582899605
366567420
500290283
711785371
3786279352
3220200084
2301379282
3250593457
2332673042
129863111
3621652774
2204545235
39024889
104816788
3217909454
4649891200
146758244
11034843
3712463209
2279980395
325696203
1519576998
4319641840
392354488
194332758
3454754632
30712390
174056037
5504365495
3465703153
3387630781
156222796
2319181371
329835313
4665585666
2483783092
4237212038
1558277287
1800778962
4106379547
4947861901
2339632913
1122944218
3710050559
3143982558
934375844
440481388
315574711
289560545
2290556804
661546153
3222142529
4571649296
4718154276
268223986
338096053
3625537155
5287405
17516940
2061927950
471464700
384806138
7200700722
206648789
3106022785
3358682439
1410193619
156642718
2136080450
268654674
3103292929
279153587
4785852807
107969134
2215331791
5442112383
191003283
2837740149
7212803242
3308612894
4356644331
4772601985
